%YAML:1.0
---
method: park
num_frames: 27
mean_reproj_error_px: 1.4988945300626910e-01
T_base_cam: !!opencv-matrix
   rows: 4
   cols: 4
   dt: d
   data: [ 5.4053437926305237e-02, 8.5100248556883917e-01,
       -5.2237246807618498e-01, -5.6855252144849933e-02,
       9.9846279558188011e-01, -3.9641200531903342e-02,
       3.8737850472197771e-02, -3.1607559443068606e-01,
       1.2258535278081129e-02, -5.2366338880625141e-01,
       -8.5183706396046732e-01, 7.2864390660997521e-01, 0., 0., 0., 1. ]
T_gripper_board: !!opencv-matrix
   rows: 4
   cols: 4
   dt: d
   data: [ 2.9452636028454104e-01, 9.5361501318422059e-01,
       6.2230456588394434e-02, 1.2693383219896004e-01,
       -9.3982417905679017e-01, 3.0083559790964065e-01,
       -1.6195201601270712e-01, 1.2705554354214710e-01,
       -1.7316101050112834e-01, -1.0786549958550606e-02,
       9.8483446059843982e-01, -4.8348963046230098e-02, 0., 0., 0., 1. ]
