%YAML:1.0
---
method: horaud
num_frames_total: 23
num_frames_used: 23
mean_reproj_error_px: 1.5109728018502305e-01
T_base_cam: !!opencv-matrix
   rows: 4
   cols: 4
   dt: d
   data: [ 8.9089081141740856e-02, 8.3459807562920763e-01,
       -5.4360756780727737e-01, 1.8691843341863190e-02,
       9.9402866602043838e-01, -3.9974635009511594e-02,
       1.0153344121758215e-01, 3.7592489361864290e-01,
       6.3009100540701080e-02, -5.4940702644931627e-01,
       -8.3317571528290024e-01, 6.7814750052745376e-01, 0., 0., 0., 1. ]
T_gripper_board: !!opencv-matrix
   rows: 4
   cols: 4
   dt: d
   data: [ -1.2709217796821970e-01, 9.9180394646383851e-01,
       -1.3134309195744900e-02, 1.9482807738468635e-01,
       9.8976629933048532e-01, 1.2767506041959598e-01,
       6.3731873160048080e-02, -1.4058005662838696e-01,
       6.4886447035804873e-02, -4.9000740410299580e-03,
       -9.9788062325383486e-01, -5.5150240724525477e-02, 0., 0., 0., 1. ]
