%YAML:1.0
---
method: park
num_frames_total: 27
num_frames_used: 27
mean_reproj_error_px: 1.4014715333392708e-01
T_base_cam: !!opencv-matrix
   rows: 4
   cols: 4
   dt: d
   data: [ 1.4041071870690591e-02, 8.4499025802340211e-01,
       -5.3459733645638985e-01, -2.9367017893816294e-02,
       9.9985414569750586e-01, -1.7064062404050118e-02,
       -7.1070794384692215e-04, -3.2413903727232396e-01,
       -9.7229435991812996e-03, -5.3450938403344717e-01,
       -8.4510661028532486e-01, 6.8626629647334370e-01, 0., 0., 0., 1. ]
T_gripper_board: !!opencv-matrix
   rows: 4
   cols: 4
   dt: d
   data: [ 1.8155773176167345e-01, 9.8324054456780074e-01,
       1.6577742776719199e-02, 1.2790770895829232e-01,
       -9.8334685891686147e-01, 1.8166476037943635e-01,
       -5.1836179087729898e-03, 1.1989284289060131e-01,
       -8.1083349646179879e-03, -1.5360545377582500e-02,
       9.9984914289596949e-01, -3.0711018064798701e-02, 0., 0., 0., 1. ]
